,c1,c2,c3,c5,c6,c7,c8,c9
c1,1.0,0.909,0.977,0.114,0.11,0.208,0.974,-0.269
c2,0.909,1.0,0.921,0.318,0.107,0.173,0.89,-0.232
c3,0.977,0.921,1.0,0.15,0.116,0.198,0.957,-0.26
c5,0.114,0.318,0.15,1.0,0.013,0.014,0.107,-0.021
c6,0.11,0.107,0.116,0.013,1.0,0.181,0.107,-0.207
c7,0.208,0.173,0.198,0.014,0.181,1.0,0.198,-0.823
c8,0.974,0.89,0.957,0.107,0.107,0.198,1.0,-0.276
c9,-0.269,-0.232,-0.26,-0.021,-0.207,-0.823,-0.276,1.0
